RGB : 255, 167, 120
RGB : 255, 202, 161
RGB : 255, 210, 159
RGB : 255, 201, 162
RGB : 255, 203, 143
RGB : 255, 212, 164


Fondo gris original

Fondo
211, 216, 219
214, 219, 222
204, 212, 214
209, 214, 217
201, 209, 211
207, 212, 215


Fondo gris original wp

Mano
187, 141, 117
205, 151, 116
255, 252, 238
255, 235, 210
254, 208, 187
236, 168, 129
195, 142, 116
255, 230, 197
190, 121, 90
255, 251, 234
255, 254, 240
189, 140, 113
99, 27, 7
112, 36, 10
254, 255, 245


Mano buena
255, 178, 136
255, 206, 164
250, 191, 158
254, 178, 151
255, 220, 178
254, 224, 186
255, 228, 191
254, 220, 174
254, 230, 198
#254, 240, 213
254, 236, 208




Fondo gris roja wp

RGB : 255, 220, 224

RGB : 253, 226, 214
RGB : 253, 230, 212



Fondo gris azul wp 

Fondo
RGB : 188, 197, 240
RGB : 210, 215, 255
RGB : 215, 219, 254



/////

Fondo gris verde wp
RGB : 198, 246, 208
RGB : 211, 255, 220
RGB : 214, 255, 221
RGB : 215, 254, 223