Roja 

Mano
255, 182, 171
255, 211, 200
255, 180, 169
255, 198, 183
255, 214, 208
255, 212, 200
255, 224, 217


Verde 
Mano
221, 192, 149
228, 246, 195
200, 172, 133
235, 249, 201
236, 237, 186
233, 254, 206


Fondo
235, 249, 201
128, 153, 130
114, 134, 113


Azul
Mano
235, 204, 236
201, 166, 175
240, 215, 249
232, 214, 247
228, 193, 220
237, 212, 246
235, 210, 243

Original
Mano
232, 211, 201
230, 207, 196
233, 206, 199
241, 210, 199
237, 211, 201
241, 219, 210


Whitepatch

Mano
255, 255, 255
47, 33, 26

Fondo
118, 128, 135
102, 110, 117
176, 192, 201
148, 160, 168
105, 114, 120
153, 166, 174
101, 109, 115
147, 159, 167
157, 166, 170
132, 143, 150
102